1.694703807012254000e+09
1.694703807112253904e+09
1.694703807212254047e+09
1.694703807312253952e+09
1.694703807412254095e+09
1.694703807512234926e+09
1.694703807612235069e+09
1.694703807712234974e+09
1.694703807812235117e+09
1.694703807912235022e+09
1.694703808012234926e+09
1.694703808112235069e+09
1.694703808212234974e+09
1.694703808312235117e+09
1.694703808412235022e+09
1.694703808512238026e+09
1.694703808612237930e+09
1.694703808712238073e+09
1.694703808812237024e+09
1.694703808912237883e+09
1.694703809012238026e+09
1.694703809112237930e+09
1.694703809212238073e+09
1.694703809312237024e+09
1.694703809412237883e+09
1.694703809512263060e+09
1.694703809612262964e+09
1.694703809712263107e+09
1.694703809812263012e+09
1.694703809912262917e+09
1.694703810012263060e+09
1.694703810112262964e+09
1.694703810212263107e+09
1.694703810312263012e+09
1.694703810412262917e+09
1.694703810512284994e+09
1.694703810612286091e+09
1.694703810712285042e+09
1.694703810812284946e+09
1.694703810912286043e+09
1.694703811012284994e+09
1.694703811112286091e+09
1.694703811212285042e+09
1.694703811312284946e+09
1.694703811412286043e+09
1.694703811512316942e+09
1.694703811612317085e+09
1.694703811712316990e+09
1.694703811812316895e+09
1.694703811912317038e+09
1.694703812012316942e+09
1.694703812112317085e+09
1.694703812212316990e+09
1.694703812312316895e+09
1.694703812412317038e+09
1.694703812512336969e+09
1.694703812612337112e+09
1.694703812712337017e+09
1.694703812812336922e+09
1.694703812912337065e+09
1.694703813012336969e+09
1.694703813112337112e+09
1.694703813212337017e+09
1.694703813312336922e+09
1.694703813412337065e+09
1.694703813512341022e+09
1.694703813612340927e+09
1.694703813712341070e+09
1.694703813812340975e+09
1.694703813912341118e+09
1.694703814012341022e+09
1.694703814112340927e+09
1.694703814212341070e+09
1.694703814312340975e+09
1.694703814412341118e+09
1.694703814512335062e+09
1.694703814612334967e+09
1.694703814712335110e+09
1.694703814812335014e+09
1.694703814912334919e+09
1.694703815012335062e+09
1.694703815112334967e+09
1.694703815212335110e+09
1.694703815312335014e+09
1.694703815412334919e+09
1.694703815512300014e+09
1.694703815612299919e+09
1.694703815712300062e+09
1.694703815812299967e+09
1.694703815912300110e+09
1.694703816012300014e+09
1.694703816112299919e+09
1.694703816212300062e+09
1.694703816312299967e+09
1.694703816412300110e+09
1.694703816512300014e+09
1.694703816612299919e+09
1.694703816712300062e+09
1.694703816812299967e+09
1.694703816912300110e+09
1.694703817012300014e+09
1.694703817112299919e+09
1.694703817212300062e+09
1.694703817312299967e+09
1.694703817412300110e+09
1.694703817512270927e+09
1.694703817612271070e+09
1.694703817712270975e+09
1.694703817812271118e+09
1.694703817912271023e+09
1.694703818012270927e+09
1.694703818112271070e+09
1.694703818212270975e+09
1.694703818312271118e+09
1.694703818412271023e+09
1.694703818512291908e+09
1.694703818612292051e+09
1.694703818712291956e+09
1.694703818812292099e+09
1.694703818912292004e+09
1.694703819012291908e+09
1.694703819112292051e+09
1.694703819212291956e+09
1.694703819312292099e+09
1.694703819412292004e+09
1.694703819512276888e+09
1.694703819612277031e+09
1.694703819712276936e+09
1.694703819812277079e+09
1.694703819912276983e+09
1.694703820012276888e+09
1.694703820112272024e+09
1.694703820212268114e+09
1.694703820312263966e+09
1.694703820412260056e+09
1.694703820512229919e+09
1.694703820612226009e+09
1.694703820712222099e+09
1.694703820812217951e+09
1.694703820912214041e+09
1.694703821012213945e+09
1.694703821112214088e+09
1.694703821212213993e+09
1.694703821312208891e+09
1.694703821412209034e+09
1.694703821512209892e+09
1.694703821612205029e+09
1.694703821712204933e+09
1.694703821812200069e+09
1.694703821912195921e+09
1.694703822012192011e+09
1.694703822112188101e+09
1.694703822212183952e+09
1.694703822312175035e+09
1.694703822412170887e+09
1.694703822512173891e+09
1.694703822612169027e+09
1.694703822712169886e+09
1.694703822812174082e+09
1.694703822912177086e+09
1.694703823012188911e+09
1.694703823112205029e+09
1.694703823212224007e+09
1.694703823312252998e+09
1.694703823412286043e+09
1.694703823512334108e+09
1.694703823612375975e+09
1.694703823712418079e+09
1.694703823812464952e+09
1.694703823912512064e+09
1.694703824012553930e+09
1.694703824112581968e+09
1.694703824212596893e+09
1.694703824312598944e+09
1.694703824412585020e+09
1.694703824512542009e+09
1.694703824612517118e+09
1.694703824712483883e+09
1.694703824812453032e+09
1.694703824912425041e+09
1.694703825012407064e+09
