1.694644677332735062e+09
1.694644677432708025e+09
1.694644677532706976e+09
1.694644677632714033e+09
1.694644677732712984e+09
1.694644677832720041e+09
1.694644677932718992e+09
1.694644678032720089e+09
1.694644678132719040e+09
1.694644678232718945e+09
1.694644678332720041e+09
1.694644678432687998e+09
1.694644678532687902e+09
1.694644678632688046e+09
1.694644678732680082e+09
1.694644678832664967e+09
1.694644678932658911e+09
1.694644679032666922e+09
1.694644679132673025e+09
1.694644679232656956e+09
1.694644679332628965e+09
1.694644679432599068e+09
1.694644679532546043e+09
1.694644679632472992e+09
1.694644679732378006e+09
1.694644679832262993e+09
1.694644679932117939e+09
1.694644680031954050e+09
1.694644680131778955e+09
1.694644680231595993e+09
1.694644680331409931e+09
1.694644680431210041e+09
1.694644680531011105e+09
1.694644680630810976e+09
1.694644680730598927e+09
1.694644680830384970e+09
1.694644680930181980e+09
1.694644681029984951e+09
1.694644681129793882e+09
1.694644681229614019e+09
1.694644681329447985e+09
1.694644681429316044e+09
1.694644681529186010e+09
1.694644681629076004e+09
1.694644681728981018e+09
1.694644681828891039e+09
1.694644681928812027e+09
1.694644682028753996e+09
1.694644682128710032e+09
1.694644682228669882e+09
1.694644682328639030e+09
1.694644682428625107e+09
1.694644682528619051e+09
1.694644682628635883e+09
1.694644682728655100e+09
1.694644682828682899e+09
1.694644682928709030e+09
1.694644683028737068e+09
1.694644683128763914e+09
1.694644683228791952e+09
1.694644683328819036e+09
1.694644683428834915e+09
1.694644683528863907e+09
1.694644683628891945e+09
1.694644683728915930e+09
1.694644683828939915e+09
1.694644683928963900e+09
1.694644684028992891e+09
1.694644684129026890e+09
1.694644684229064941e+09
1.694644684329108000e+09
1.694644684429119110e+09
1.694644684529143095e+09
1.694644684629148006e+09
1.694644684729139090e+09
1.694644684829108000e+09
1.694644684929064035e+09
1.694644685029019117e+09
1.694644685128977060e+09
1.694644685228929996e+09
1.694644685328881025e+09
1.694644685428806067e+09
1.694644685528742075e+09
1.694644685628679037e+09
1.694644685728621006e+09
1.694644685828562975e+09
1.694644685928502083e+09
1.694644686028441906e+09
1.694644686128390074e+09
1.694644686228341103e+09
1.694644686328291893e+09
1.694644686428244114e+09
1.694644686528192997e+09
1.694644686628139973e+09
1.694644686728087902e+09
1.694644686828036070e+09
1.694644686927984953e+09
1.694644687027930975e+09
1.694644687127883911e+09
1.694644687227843046e+09
1.694644687327811003e+09
1.694644687327811003e+09
1.694644687527781963e+09
1.694644687627768040e+09
1.694644687727756023e+09
1.694644687827743053e+09
1.694644687927731037e+09
1.694644688027724028e+09
1.694644688127722025e+09
1.694644688227725029e+09
1.694644688327728033e+09
1.694644688327728033e+09
1.694644688527738094e+09
1.694644688627727985e+09
1.694644688727711916e+09
1.694644688827697039e+09
1.694644688927681923e+09
1.694644689027667046e+09
1.694644689127645969e+09
1.694644689227619886e+09
1.694644689327590942e+09
1.694644689427562952e+09
1.694644689527250051e+09
1.694644689627230883e+09
1.694644689727220058e+09
1.694644689827220917e+09
1.694644689927223921e+09
1.694644690027232885e+09
1.694644690127252102e+09
1.694644690227272987e+09
1.694644690327290058e+09
1.694644690427300930e+09
1.694644690527327061e+09
1.694644690627341032e+09
1.694644690727360010e+09
1.694644690827378035e+09
1.694644690927392006e+09
1.694644691027404070e+09
1.694644691127415895e+09
1.694644691227422953e+09
1.694644691327433109e+09
1.694644691427442074e+09
1.694644691527508974e+09
1.694644691627515078e+09
1.694644691727520943e+09
1.694644691827527046e+09
1.694644691927540064e+09
1.694644692027559042e+09
1.694644692127580881e+09
1.694644692227607012e+09
1.694644692327629089e+09
1.694644692427639961e+09
1.694644692527688026e+09
1.694644692627681017e+09
1.694644692727663040e+09
1.694644692827636003e+09
1.694644692927608013e+09
1.694644693027585030e+09
1.694644693127561092e+09
1.694644693227545977e+09
1.694644693327543974e+09
1.694644693427546978e+09
1.694644693527566910e+09
1.694644693627572060e+09
1.694644693727560997e+09
1.694644693827536106e+09
1.694644693927500963e+09
1.694644694027467012e+09
1.694644694127444983e+09
1.694644694227447033e+09
1.694644694327460051e+09
1.694644694427485943e+09
1.694644694527529001e+09
1.694644694627576113e+09
1.694644694727626085e+09
1.694644694827663898e+09
1.694644694927676916e+09
1.694644695027674913e+09
1.694644695127664089e+09
1.694644695227658033e+09
1.694644695327668905e+09
1.694644695427680969e+09
1.694644695527704000e+09
1.694644695627700090e+09
1.694644695727684975e+09
1.694644695827677011e+09
