1.694644677337182999e+09
1.694644677437180996e+09
1.694644677537189007e+09
1.694644677637197971e+09
1.694644677737212896e+09
1.694644677837213039e+09
1.694644677937211037e+09
1.694644678037204981e+09
1.694644678137202024e+09
1.694644678237200022e+09
1.694644678337219000e+09
1.694644678437226057e+09
1.694644678537229061e+09
1.694644678637233019e+09
1.694644678737243891e+09
1.694644678837245941e+09
1.694644678937249899e+09
1.694644679037234068e+09
1.694644679137248039e+09
1.694644679237246990e+09
1.694644679337256908e+09
1.694644679437263012e+09
1.694644679537259102e+09
1.694644679637268066e+09
1.694644679737277031e+09
1.694644679837271929e+09
1.694644679937289000e+09
1.694644680037277937e+09
1.694644680137288094e+09
1.694644680237297058e+09
1.694644680337297916e+09
1.694644680437308073e+09
1.694644680537309885e+09
1.694644680637312889e+09
1.694644680737325907e+09
1.694644680837326050e+09
1.694644680937336922e+09
1.694644681037317038e+09
1.694644681137325048e+09
1.694644681237324953e+09
1.694644681337331057e+09
1.694644681437345028e+09
1.694644681537343979e+09
1.694644681637351036e+09
1.694644681737351894e+09
1.694644681837364912e+09
1.694644681937374115e+09
1.694644682037363052e+09
1.694644682137367964e+09
1.694644682237365007e+09
1.694644682337377071e+09
1.694644682437391043e+09
1.694644682537385941e+09
1.694644682637403965e+09
1.694644682737397909e+09
1.694644682837400913e+09
1.694644682937405109e+09
1.694644683037384987e+09
1.694644683137393951e+09
1.694644683237400055e+09
1.694644683337409019e+09
1.694644683437417030e+09
1.694644683537416935e+09
1.694644683637428045e+09
1.694644683737432003e+09
1.694644683837445021e+09
1.694644683937446117e+09
1.694644684037442923e+09
1.694644684137451887e+09
1.694644684237457037e+09
1.694644684337466002e+09
1.694644684437464952e+09
1.694644684537472963e+09
1.694644684637474060e+09
1.694644684737482071e+09
1.694644684837487936e+09
1.694644684937494040e+09
1.694644685037483931e+09
1.694644685137490034e+09
1.694644685237488031e+09
1.694644685337497950e+09
1.694644685437508106e+09
1.694644685537509918e+09
1.694644685637516022e+09
1.694644685737524033e+09
1.694644685837538958e+09
1.694644685937535048e+09
1.694644686037524939e+09
1.694644686137537003e+09
1.694644686237539053e+09
1.694644686337546110e+09
1.694644686437547922e+09
1.694644686537560940e+09
1.694644686637563944e+09
1.694644686737570047e+09
1.694644686837580919e+09
1.694644686937586069e+09
1.694644687037566900e+09
1.694644687137569904e+09
1.694644687237579107e+09
1.694644687337582111e+09
1.694644687437587976e+09
1.694644687537590027e+09
1.694644687637602091e+09
1.694644687737600088e+09
1.694644687837610006e+09
1.694644687937608004e+09
1.694644688037606001e+09
1.694644688137623072e+09
1.694644688237622023e+09
1.694644688337620020e+09
1.694644688437629938e+09
1.694644688537636995e+09
1.694644688637644053e+09
1.694644688737644911e+09
1.694644688837656021e+09
1.694644688937658072e+09
1.694644689037645102e+09
1.694644689137648106e+09
1.694644689237658024e+09
1.694644689337658882e+09
1.694644689437670946e+09
1.694644689537677050e+09
1.694644689637677908e+09
1.694644689737682104e+09
1.694644689837697029e+09
1.694644689937701941e+09
1.694644690037688017e+09
1.694644690137686014e+09
1.694644690237693071e+09
1.694644690337703943e+09
1.694644690437711954e+09
1.694644690537712097e+09
1.694644690637716055e+09
1.694644690727730036e+09
1.694644690827728033e+09
1.694644690927745104e+09
1.694644691027734041e+09
1.694644691127737045e+09
1.694644691227742910e+09
1.694644691327743053e+09
1.694644691427746058e+09
1.694644691527761936e+09
1.694644691627758980e+09
1.694644691727768898e+09
1.694644691827773094e+09
1.694644691927779913e+09
1.694644692027766943e+09
1.694644692127778053e+09
1.694644692227778912e+09
1.694644692327795982e+09
1.694644692427798986e+09
1.694644692527805090e+09
1.694644692627809048e+09
1.694644692727813959e+09
1.694644692827820063e+09
1.694644692927820921e+09
1.694644693027808905e+09
1.694644693127818108e+09
1.694644693227818966e+09
1.694644693327831984e+09
1.694644693427831888e+09
1.694644693527837038e+09
1.694644693627839088e+09
1.694644693727852106e+09
1.694644693827855110e+09
1.694644693927858114e+09
1.694644694027848959e+09
1.694644694127855062e+09
1.694644694227864981e+09
1.694644694327871084e+09
1.694644694427875042e+09
1.694644694527884007e+09
1.694644694627892971e+09
1.694644694727896929e+09
1.694644694827898979e+09
1.694644694927908897e+09
1.694644695027894020e+09
1.694644695127895117e+09
1.694644695227905035e+09
1.694644695327903986e+09
1.694644695427920103e+09
1.694644695527916908e+09
1.694644695627927065e+09
1.694644695727929115e+09
1.694644695827939034e+09
