1.694703807014029980e+09
1.694703807114042997e+09
1.694703807214041948e+09
1.694703807314048052e+09
1.694703807414057970e+09
1.694703807514071941e+09
1.694703807614069939e+09
1.694703807714070082e+09
1.694703807814084053e+09
1.694703807914079905e+09
1.694703808014069080e+09
1.694703808114080906e+09
1.694703808214092016e+09
1.694703808314080954e+09
1.694703808414103031e+09
1.694703808514095068e+09
1.694703808614113092e+09
1.694703808714107990e+09
1.694703808814112902e+09
1.694703808914124012e+09
1.694703809014121056e+09
1.694703809114118099e+09
1.694703809214128017e+09
1.694703809314127922e+09
1.694703809414134026e+09
1.694703809514138937e+09
1.694703809614142895e+09
1.694703809714164972e+09
1.694703809814155102e+09
1.694703809914171934e+09
1.694703810014154911e+09
1.694703810114159107e+09
1.694703810214169979e+09
1.694703810314167976e+09
1.694703810414175987e+09
1.694703810514175892e+09
1.694703810614180088e+09
1.694703810714191914e+09
1.694703810814198017e+09
1.694703810914191961e+09
1.694703811014183044e+09
1.694703811114192963e+09
1.694703811214196920e+09
1.694703811314198017e+09
1.694703811414206982e+09
1.694703811514206886e+09
1.694703811614217997e+09
1.694703811714232922e+09
1.694703811814214945e+09
1.694703811914230108e+09
1.694703812014239073e+09
1.694703812114233017e+09
1.694703812214241028e+09
1.694703812314253092e+09
1.694703812414248943e+09
1.694703812514259100e+09
1.694703812614264965e+09
1.694703812714268923e+09
1.694703812814277887e+09
1.694703812914293051e+09
1.694703813014261961e+09
1.694703813114264011e+09
1.694703813214278936e+09
1.694703813314275026e+09
1.694703813414290905e+09
1.694703813514290094e+09
1.694703813614298105e+09
1.694703813714304924e+09
1.694703813814307928e+09
1.694703813914313078e+09
1.694703814014307976e+09
1.694703814114314079e+09
1.694703814214308977e+09
1.694703814314327002e+09
1.694703814414328098e+09
1.694703814514338017e+09
1.694703814614337921e+09
1.694703814714342117e+09
1.694703814814343929e+09
1.694703814914360046e+09
1.694703815014341116e+09
1.694703815114356995e+09
1.694703815214360952e+09
1.694703815314352036e+09
1.694703815414367914e+09
1.694703815514378071e+09
1.694703815614375114e+09
1.694703815714382887e+09
1.694703815814380884e+09
1.694703815914397001e+09
1.694703816014378071e+09
1.694703816114387989e+09
1.694703816214389086e+09
1.694703816314392090e+09
1.694703816414402008e+09
1.694703816514404058e+09
1.694703816614402056e+09
1.694703816714416981e+09
1.694703816814429998e+09
1.694703816914427042e+09
1.694703817014420986e+09
1.694703817114428997e+09
1.694703817214418888e+09
1.694703817314429998e+09
1.694703817414443016e+09
1.694703817514440060e+09
1.694703817614454985e+09
1.694703817714466095e+09
1.694703817814466953e+09
1.694703817914460897e+09
1.694703818014451981e+09
1.694703818114460945e+09
1.694703818214464903e+09
1.694703818314466953e+09
1.694703818414482117e+09
1.694703818514482975e+09
1.694703818614475965e+09
1.694703818714493990e+09
1.694703818814483881e+09
1.694703818914503098e+09
1.694703819014493942e+09
1.694703819114502907e+09
1.694703819214509964e+09
1.694703819314515114e+09
1.694703819414522886e+09
1.694703819514530897e+09
1.694703819614523888e+09
1.694703819714545965e+09
1.694703819814543009e+09
1.694703819914541006e+09
1.694703820014540911e+09
1.694703820114537954e+09
1.694703820214548111e+09
1.694703820314543009e+09
1.694703820414552927e+09
1.694703820514559031e+09
1.694703820614567041e+09
1.694703820714572906e+09
1.694703820814584970e+09
1.694703820914582968e+09
1.694703821014578104e+09
1.694703821114577055e+09
1.694703821214586020e+09
1.694703821314584970e+09
1.694703821414601088e+09
1.694703821514601946e+09
1.694703821614599943e+09
1.694703821714611053e+09
1.694703821814616919e+09
1.694703821914618969e+09
1.694703822014601946e+09
1.694703822114608049e+09
1.694703822214613914e+09
1.694703822314621925e+09
1.694703822414627075e+09
1.694703822514636993e+09
1.694703822614635944e+09
1.694703822714642048e+09
1.694703822814640045e+09
1.694703822914654970e+09
1.694703823014648914e+09
1.694703823114644051e+09
1.694703823214658022e+09
1.694703823314661026e+09
1.694703823414661884e+09
1.694703823514674902e+09
1.694703823614685059e+09
1.694703823714693069e+09
1.694703823814701080e+09
1.694703823914699078e+09
1.694703824014691114e+09
1.694703824114692926e+09
1.694703824214694023e+09
1.694703824314702988e+09
1.694703824414706945e+09
1.694703824514712095e+09
1.694703824614722013e+09
1.694703824714725971e+09
1.694703824814739943e+09
1.694703824914736032e+09
1.694703825014722109e+09
